metadata:
  generated_at: '2026-01-16T14:59:47.043205'
  total_pairs_screened: 242
  qualified_pairs: 4
  selected_pairs: 3
pairs:
- rank: 2
  ticker_a: ETR
  ticker_b: AEP
  hedge_ratio: 0.6295498284848927
  correlation: 0.9823910526981054
  half_life_days: 101.00621672064464
  hurst_exponent: 0.3012022932722106
  score: 60.0
- rank: 4
  ticker_a: ATO
  ticker_b: AEP
  hedge_ratio: 1.2115033247006906
  correlation: 0.9693062290877456
  half_life_days: 71.12267745180642
  hurst_exponent: 0.33744740868385215
  score: 50.0
- rank: 6
  ticker_a: ETR
  ticker_b: ATO
  hedge_ratio: 0.4782127559296349
  correlation: 0.9326937175877856
  half_life_days: 87.60486291103015
  hurst_exponent: 0.38932218960486775
  score: 50.0
